beta0	A1	B1
0	0	0
0	0	0
0	0	0
0	0	0
0	0	0
0	0	0
0	0	0
0	0	0
0	0	0
0	0	0
0	0	0
0	0	0
0	0	0
0	0	0
0	0	0
0	0	0
0	0	0
0	0	0
0	0	0
0	0	0
0	0	0
0	0	0
0	0	0
0	0	0
0	0	0
0	0	0
0	0	0
0	0	0
0	0	0
0.123253299854696	0.123253299854696	0.123253299854696
0	0	0
-0.336714491154999	-0.336714491154999	-0.336714491154999
0	0	0
0	0	0
0	0	0
0	0	0
0	0	0
0	0	0
0	-0.121696297178278	-0.210973108373582
0	0	0
0	0	0
0	0	0
0	0	0
0	0	0
0	0	0
0	0	0
0	0	0
-0.38431579626631	-0.218464647687506	-0.183842992177233
0	0	0
0	0	0
-0.157579506328329	-0.0292131057940423	0.00897525900509213
0	0	0
-0.334094412089325	-0.334094412089325	-0.334094412089325
0	0	0
0	0	0
0	0	0
0	0	0
0	0	0
0	0	0
0.116105802706443	0.116105802706443	0.116105802706443
0	0	0
0	0	0
0	0	0
0	0	0
0	0	0
0	0	0
0	0	0
0	0	0
0	0	0
0	0	0
0	0	0
0	0	0
-0.23427669852972	-0.23427669852972	-0.23427669852972
0	0	0
0	0	0
0	0	0
0	0	0
0	0	0
0	0	0
0	0	0
0	0	0
0	0	0
0	0	0
0	0	0
0	-0.151919047941919	-0.197454028017819
-0.148795431829058	-0.148795431829058	-0.148795431829058
0	0	0
0	0	0
0	0	0
0	0	0
0	0	0
0	0	0
0	0	0
0	0	0
0	0	0
0	0	0
0	0	0
0	0	0
0	0	0
0	0	0
0	0	0
0	0	0
0	0	0
0	0	0
0	0	0
0	0	0
0	0	0
0.331080428767018	0.331080428767018	0.331080428767018
0	0	0
0	0	0
0	0	0
0	0	0
0	0	0
0	0	0
0	0	0
0	0	0
0	0	0
0	0	0
0	0	0
0	0	0
0	0	0
0	0	0
0	0	0
0	0	0
0	0	0
0	0	0
0	0	0
0	0	0
0	0	0
0	0	0
0	0	0
0.142717121099122	0.142717121099122	0.142717121099122
0	0	0
0.247028219909407	0.247028219909407	0.247028219909407
0	0	0
0	0	0
0	0	0
0	0	0
-0.138833317090757	-0.138833317090757	-0.138833317090757
0	0	0
0	0	0
0	0	0
0	0	0
0	0	0
0.375361013761722	0.375361013761722	0.375361013761722
0	0	0
0	0	0
0	0	0
0	0	0
0	0	0
0	0	0
0	0	0
0	0	0
0	0	0
-0.185710852057673	-0.185710852057673	-0.185710852057673
0	0	0
0	0	0
0	0	0
0	0	0
0	0	0
-0.27595488531515	-0.27595488531515	-0.27595488531515
0.200948740052991	0.200948740052991	0.200948740052991
0	0	0
0	0	0
0.244138118182309	0.244138118182309	0.244138118182309
0	0	0
0	0	0
0	0	0
0	0	0
0	0	0
0	0	0
0	0	0
0	0	0
0	0	0
0	0	0
0	0	0
0.115519542363472	0.115519542363472	0.115519542363472
0	0	0
-0.366371394251473	-0.366371394251473	-0.366371394251473
0	0	0
0	0	0
0	0	0
0	0	0
0	0	0
-0.282119331276044	-0.282119331276044	-0.282119331276044
0	0	0
0	0	0
0	0	0
0.160228147148155	0.160228147148155	0.160228147148155
0	0	0
0	0	0
0	0	0
0	0	0
0	0	0
0	0	0
0.112102762772702	0.112102762772702	0.112102762772702
0	0	0
-0.209677469404414	-0.209677469404414	-0.209677469404414
0	0	0
0	0	0
0	0	0
0	0	0
0	0	0
0	0	0
0	0	0
0	0	0
0	0	0
0	0	0
-0.35463060431648	-0.35463060431648	-0.35463060431648
0	0	0
0	0	0
-0.389060293487273	-0.389060293487273	-0.598921591276303
0	0	0
0	0	0
0	0	0
0	0	0
0	0	0
0	0	0
0	0	0
0	0	0
0	0	0
0	0	0.172165041137487
0	0	0
-0.155290963384323	-0.269694029272068	-0.352957915444858
0	0	0
0	0	0
0	0	0
0	0	0
0	0	0
0	0	0
0	0	0
0	0	0
0	0	0
0	0	0
0	0	0
0	0	0
0	0	0
0	0	0
0	0	0
0	0	0
0	0	0
0	0	0
0	0	0
0	0	0
0	0	0
0	0	0
0	0	0
0	0	0
0	0	0
0	0	0
0	0	0
0	0	0
0	0	0
0	0	0
0	0	0
-0.250388381630182	-0.250388381630182	-0.250388381630182
0	0	0
0	0	0
0	0	0
0	0	0
0	0	0
0	0	0
0	0	0
0	0	0
0	0	0
0	0	0
0	0	0
0.384616485517472	0.384616485517472	0.384616485517472
0	0	0
0	0	0
0	0	0
0	0	0
0	0	0
0	0	0
0	0	0
0	0	0
0	0	0
-0.342694800393656	-0.342694800393656	-0.342694800393656
0	0	0
0	0	0
0	0	0
0	0	0
0	0	0
0	0	0
0	0	0
0	0	0
0.221719680121169	0.221719680121169	0.00987862909678372
0	0	0
0	0	0
-0.31634625592269	-0.31634625592269	-0.31634625592269
0	0	0
0	0	0
0	0	0
0	0	0
0	0	0
0	0	0
0.338370440481231	0.338370440481231	0.338370440481231
0	0	0
-0.291692176740617	-0.291692176740617	-0.291692176740617
0	0	0
0	0	0
0	0	0
0	0	0
0	0	0
0	0	0
0	0	0
0	0	0
0	-0.148541853600182	-0.187469580792822
0.257908580941148	0.257908580941148	0.257908580941148
0	0	0
0	0	0
0	0	0
0	0	0
0	0	0
0	0	0
0	0	0
0	0	0
-0.1987473358633	-0.1987473358633	-0.1987473358633
0	0	0
0	0	0
0	0	0
0	0	0
0	0	0
0	0	0
0	0	0
0	0	0
0	0	0
0	0	0
0	0	0
0	0	0
0	0	0
0	0	0
0	0	0
0	0	0
0	0	0
0	0	0
-0.349782410799526	-0.349782410799526	-0.561801661341451
0	0	0
-0.164398929360323	-0.164398929360323	-0.164398929360323
0	0	0
0	0	0
0.358333705319092	0.358333705319092	0.358333705319092
0	0	0
0	0	0
0	0	0
0	0	0
0	0	0
0	0	0
0	0	0
0	0	0
0	0	0
0	0	0
0	0	0
0	0	0
0	0	0
0	0	0
0	0	0
0	0	0
0	0	0
0	0	0
-0.330523569486104	-0.330523569486104	-0.330523569486104
0	0	0
0	0	0
0	0	0
0	0	0
0	0	0
0	0	0
0	0	0
0	0	0
0	0	0
0	0	0
0.332969805505127	0.332969805505127	0.332969805505127
0	0	0
0	0	0
0	0	0
0	0	0
0	0	0
0	0	0
0	0	0
0	0	0
0	0	0
0	0	0
0	0	0
0	0	0
0	0	0
0	0	0
0	0	0
0	0	0
0	0	0
0	0	0
0	0	0
0	0	0
-0.397547566751018	-0.397547566751018	-0.397547566751018
0	0	0
0	0	0
0	0	0
0	0	0
0	0	0
0	0	0
0	0	0
0	0	0
0	0	0
0	0	0
0	0	0
0	0	0
0	0	0
0	0	0
0	0	0
0	0	0
0	0	0
0	0	0
0	0	0
0	0	0
0	0	0
-0.24672699442599	-0.24672699442599	-0.24672699442599
0	0	0
0	0	0
0	0	0
-0.205480777961202	-0.205480777961202	-0.205480777961202
0	0	0
0	0	0
0	0	0
0	0	0
0	0	0
0	0	0
0.142089737742208	0.142089737742208	0.142089737742208
0	0	0
0	0	0
0	0	0
0	0	0
0	0	0
0	0	0
0	0	0
0.11866653370671	0.11866653370671	0.11866653370671
0	0	0
0	0	0
0	0	0
0	0	0
0	0	0
0	0	0
0	0	0
0	0	0
0	0	0
0	0	0
0	0	0
0	0	0
0	0	0
0	0	0
0.126198150706477	0.126198150706477	0.126198150706477
0	0	0
0	0	0
0	0	0
0	0	0
0	0	0
0	0	0
0	0	0
0	0	0
0	0	0
0	0	0
0	0	0
0	0	0
0	0	0
0	0	0
0	0	0
0.148808904131874	0.148808904131874	0.148808904131874
0	0	0
-0.135902720992453	-0.135902720992453	-0.135902720992453
-0.245794696989469	-0.380752719688462	-0.457349218102172
0	0	0
0	0	0
0	0	0
0	0	0
0	0	0
0	0	0
0	0	0
0	0	0
0	0	0
0	0	0
0	0	0
0	0	0
0	0	0
0	0	0
0	0	0
0	0	0
0	0	0
0	0	0
0	0	0
0	0	0
0	0	0
0	0	0
0	0	0
0	0	0
0	0	0
0.238074810709804	0.238074810709804	0.238074810709804
0	0	0
0	0	0
0	0	0
0	0	0
0	0	0
0	0	0
0	0	0
0	0	0
0	0	0
0	0	0
0	0	0
0	0	0
0	0	0
0	0	0
0.149279821314849	0.149279821314849	0.149279821314849
0	0	0
0	0	0
0	0	0
0	0	0
0	0	0
0	0	0
0	0	0
0	0	0
0	0	0
0	0	0
-0.310241711442359	-0.310241711442359	-0.310241711442359
0	0	0
0	0	0
0	0	0
0	0	0
0	0	0
0	0	0
0	0	0
0	0	0
0	0	0
0	0	0
0	0	0
0	0	0
0	0	0
0	0	0
0	0	0
0	0	0
0	0	0
0	0	0
0	0	0
0	0	0
0	0	0
0	0	0
0	0	0
0	0	0
0	0	0
0	0	0
0	0	0
0	0	0
0	0	0
0	0	0
0	0	0
0	0	0
-0.277061022864655	-0.277061022864655	-0.277061022864655
0	0	0
-0.193379161204211	-0.193379161204211	-0.193379161204211
0	0	0
0	0	0
-0.214017118886113	-0.214017118886113	-0.0406413204036653
0	0	0
0	0	0
0	0	0
0	0	0
0	0	0
0	0	0
0	0	0
0	0	0
0	0	0
0	0	0
0	0	0
0	0	0
0	0	0
0	0	0
0	0	0
0	0	0
0	0	0
0	0	0
0	0	0
0	0	0
0	0	0
0	0	0
0	0	0
0	0	0
0	0	0
0	0	0
0	0	0
0	0	0
0	0	0
0	0	0
0	0	0
-0.257414170261472	-0.257414170261472	-0.257414170261472
0.278099411376752	0.278099411376752	0.278099411376752
0	0	0
0	0	0
0	0	0
0.269768271176145	0.269768271176145	0.269768271176145
0	0	0
0	0	0
-0.315453381091356	-0.315453381091356	-0.315453381091356
0	0	0
0	0	0
0	0	0
0	0	0
0	0	0
-0.367911477386951	-0.367911477386951	-0.367911477386951
0	0	0
0	0	0
0	0	0
0	0	0
0	0	0
0	0	0
0	0.156687647115905	0.150026355264708
0	0	0
0	0	0
0	0	0
0	0	-0.171443367376924
0	-0.143467554246308	-0.236466755671427
-0.283604280278087	-0.283604280278087	-0.283604280278087
0	0	0
0	0	0
0	0	0
0	0	0
0.105092633282766	0.105092633282766	0.105092633282766
-0.100109861604869	-0.100109861604869	-0.100109861604869
0	0	0
0	0	0
0	0	0.152179859415628
0	0	0
0	0	0
0	0	0
0	0	0
0	0	0
0	0	0
0	0	0
0	0	0
0	0	0
0	0	0
0	0	0
0	0	0
0	0	0
0	0	0
0	0	0
0	0	0
0	0	0
0	0	0
0	0	0
0	0	0
0	0	0
0	0	0
0	0	0
0	0	0
0	0	0
0	0	0
0	0	0
0	0	0
0	0	0
0	0	0
-0.113010322488844	-0.113010322488844	-0.113010322488844
0	0	0
0	0	0
0	0	0
0	0	0
0	0	0
0	0	0
0	0	0
0	0	0
0	0	0
0	0	0
0	0	0
0.212873495998792	0.212873495998792	0.212873495998792
0	0	0
0	0	0
0	0	0
0	0	0
0	0	0
0	0	0
0	0	0
0	0	0
0	0	0
0	0	0
0	0	0
0	0	0
0	0	0
0	0	0
0	0	0
0	0	0
0	0	0
0	0	0
0	0	0
0	0	0
-0.222515545110218	-0.222515545110218	-0.222515545110218
0	0	0
0	0	0
0	0	0
0	0	0
0	0	0
0	0	0
0	0	0
0	0	0
0	0	0
0	0	0
0	0	0
-0.329011477786116	-0.329011477786116	-0.329011477786116
0	0	0
0	0	0
0	0	0
0	0	0
0	0	0
0	0	0
0	0	0
0	0	0
0	0	0
0	0	0
0	0	0
0	0	0
0	0	0
0	0	0
0	0	0
0	0	0
-0.321288936329074	-0.321288936329074	-0.321288936329074
0	0	0
0	0	0
0	0	0
0	0	0
0	0	0
0	0	0
0	0	0
0	0	0
0	0	0
0	0	0
0.134797174646519	0.311491866974393	0.324004365527071
0	0	0
0	0	0
0	0	0
0	0	0
0	0	0
0	0	0
0	0	0
0	0	0
0	0	0
0	0	0
0	0	0
0	0	0
0	0	0
0	0	0
0	0	0
0	0	0
0	0	0
0.31450681576971	0.31450681576971	0.31450681576971
0	0	0
0	0	0
0.35517334791366	0.35517334791366	0.35517334791366
0	0	0
0	0	0
0	0	0
0	0	0
0	0	0
0	0	0
0	0	0
0	0	0
0	0	0
0	0	0
0	0	0
0.208545916597359	0.208545916597359	0.208545916597359
0	0	0
0	0	0
0	0	0
0	0	0
0	0	0
0	0	0
0	0	0
0	0	0
0	0	0
0	0	0
0	0	0
0	0	0
0	0	0
0	0	0
0	0	0
0.322790420241654	0.322790420241654	0.492395332385786
0	0	0
0	0	0
0	0	0
0	0	0
0	0	0
0	0	0
0	0	0
0	0	0
0	0	0
0	0	0
0	0	0
0	0	0
0	0	0
0	0	0
0	0	0
0	0	0
0	0	0
0	0	0
0	0	0
0	0	0
0	0	0
0.331636548484676	0.331636548484676	0.331636548484676
0	0	0
0	0	0
0	0	0
0	0	0
0	0	0
0	0	0
0	0	0
0	0	0
0	0	0
0	0	0
0	0	0
0	0	0
0	0	0
0	0	0
0	0	0
0	0	0
0	0	0
0	0	0
0	0	0
0	0	0
-0.211646693968214	-0.0920575346215628	-0.0554351165890693
0	0	0
0	0	0
-0.245323608256876	-0.245323608256876	-0.245323608256876
0	0	0
0	-0.186411135736853	-0.201281148684211
0	0	0
0.331122522684746	0.331122522684746	0.331122522684746
0	0	0
0	0	0
0	0	0
0	0	0
0	0	0
0	0	0
0.258443316747434	0.258443316747434	0.258443316747434
0.102311129169539	0.102311129169539	0.102311129169539
0.36398463153746	0.36398463153746	0.36398463153746
0	0	0
0	0	0
0	0	0
0	0	0
0	0	0
0	0	0
0	0	0
0	0	0
0	0	0
0	0	0
0	0	0
0	0	0
0	0	0
0	0	0
0	0	0
0	0	0
0	0	0
0	0	0
0	0	0
0	0	0
0	0	0
0	0	0
0	0	0
0	0	0
-0.13773128639441	-0.0208128703699913	0.0354111877968535
0	0	0
0	0	0
0	0	0
0	0	0
0	0	0
0	0	0
0	0	0
0	0	0
0	0	0
0	0	0
0	0	0
0	0	0
0	0	0
0	0	0
0	0	0
0	0	0
0	0	0
0	0	0
0	0	0
0	0	0
0	0	0
0	0	0
0	0	0
0	0	0
0	0	0
0	0	0
0	0	0
0	0	0
0	0	0
0	0	0
0	0	0
0	0	0
-0.361381922359578	-0.361381922359578	-0.361381922359578
0	0	0
0	0	0
0	0	0
0	0	0
0	0	0
0	0	0
0	0	0
0	0	0
0	0	0
0	0	0
0	0	0
0	0	0
0	0	0
0	0	0
0	0	0
-0.35326449344866	-0.35326449344866	-0.35326449344866
0	0	0
0.301211890089326	0.301211890089326	0.301211890089326
0	0	0
0	0	0
0	0	0
0	0	0
0	0	0
0	0	0
0	0	0
0	0	0
0	0	0
0	0	0
0	0	0
0	0.148486353683984	0.162328713526949
-0.226582751167007	-0.226582751167007	-0.226582751167007
-0.125013209367171	-0.125013209367171	-0.125013209367171
0	0	0
0	0.146959316020366	0.167345016961917
0	0	0
0	0	0
0	0	0
0	0	0
0	0	0
0	0	0
0	0	0
0	0	0
0	0	0
0	0	0
0	0	0
0	0	0
0	0	0
0	0	0
0	0	0
0	0	0
0	0	0
0	0	0
0	0	0
0	0	0
0	0	0
0	0	0
0	0	0
0	0	0
0.156554183247499	0.156554183247499	0.156554183247499
0	0	0
0	0	0
0	0	0
0	0	0
0	0	0
0	0	0
-0.379416853399016	-0.379416853399016	-0.379416853399016
0.194237505877391	0.194237505877391	0.194237505877391
0	0	0
0	0	0
-0.258644617651589	-0.258644617651589	-0.258644617651589
0.120833815168589	0.263315287610749	0.285093076643534
0	0	0
0	0	0
0	0	0
0	0	0
0	0	0
0	0	0
0	0	0
0	0	0
0.121368764853105	0.121368764853105	0.121368764853105
0	0	0
0	0	0
0	0	0
0	0	0
0	0	0
0	0	0
0.265855503990315	0.265855503990315	0.265855503990315
0	0	0
0	0	0
0	0	0
0	0	0
0	0	0
0	0	0
0	0	0
0	0	0
0	0	0
0	0	0
0	0	0
0	0	0
0	0	0
0	0	0
0	0	0
0	0	0
0	0	0
0	0	0
0	0	0
0	0	0
0	0	0
0	0	0
0	0	0
0	0	0
0	0	0
0	0	0
0	0	0
0	0	0
0	0	0
0	0	0
0	0	0
0	0	0
0	0	0
-0.31223858287558	-0.31223858287558	-0.31223858287558
0	0	0
0	0	0
0	0	0
0	0	0
0	0	0
0	0	0
0	0	0
0	0.152835916774347	0.15923568920698
0	0	0
0	0	0
0	0	0
0	0	0
0	0	0
0	0	0
0	0	0
0	0	0
0	0	0
0	0	0
0	0	0
0	0	0
0	0	0
0	0	0
0	0	0
0	0	0
0	0	0
0	0	0
0	0	0
0	0	0
0	0	0
0	0	0
0	0	0
0	0	0
0	0	0
-0.159272914449684	-0.159272914449684	-0.159272914449684
0	0	0
0	0	0
0	0	0
0	0	0
0.101860386808403	0.101860386808403	0.101860386808403
0	0	0
0	0	0
0	0	0
0	0	0
0	0	0
0	0	0
0.381227324856445	0.381227324856445	0.381227324856445
0	0	0
0	0	0
0	0	0
0	0	0
0	0	0
0	0	0
0	0	0
0	0	0
0	0	0
0	0	0
0	0	0
0.307021041424014	0.471892981638666	0.530606676870957
0	0	0
0	0	0
0	0	0
0.22220593423117	0.22220593423117	0.22220593423117
0	0	0
0	0	0
0.376815482252277	0.376815482252277	0.376815482252277
0	0	0
0	0	0
0	0	0
-0.302404529997148	-0.302404529997148	-0.302404529997148
0	0	0
0	0	0
0	0	0
0	0	0
0	0	0
0	0	0
0	0	0
0	0	0
0	0	0
0	0	0
0	0	0
0	0	0
0	0	0
-0.375018265796825	-0.375018265796825	-0.375018265796825
0	0	0
0	0	0
0	0	0
0	0	-0.204012531996705
0	0	0
0	0	0
0	0	0
0	0	0
0	0	0
0	0	0
0	0	0
0	0	0
0	0	0
0	0	0
0.149495348194614	0.149495348194614	0.149495348194614
0	0	0
0	0	0
0	0	0
0	0	0
0	0	0
0	0	0
0	0	0
0	0	0
0.365905414498411	0.365905414498411	0.365905414498411
0	0	0
0	0	0
0	0	0
-0.108511673123576	-0.108511673123576	-0.108511673123576
0	0	0
0.141637545172125	0.141637545172125	0.319005735521205
0	0	0
0	0	0
0	0	0
-0.309092376776971	-0.309092376776971	-0.309092376776971
0	0	0
0	0	0
0	0	0
0	0	0
0	0	0
0	0	0
0	0	0
0	0	0
0	0	0
0	0	0
0	0	0
0	0	0
0	0	0
0.321207577735186	0.321207577735186	0.321207577735186
0	0	0
0	0	0
0	0	0
0	0	0
0	0	0
0	0	0
0	0	0
0	0	0
0	0	0
0	0	0
0	0	0
0	0	0
0	0	0
0	0	0
0	0	0
0	0	0
0	0	0
0	0	0
0	0	0
0	0	0
0	0	0
0	0	0
0	0	0
0	0	0
0	0	0
0	0	0
0	0	0
0	0	0
0	0	0
0	0	0
0	0	0
0.116351072280668	0.116351072280668	0.116351072280668
0	0	0
0	0	0
0	0	0
0	0	0
0	0	0
0	0	0
0	0	0
0	0	0
0	0	0
0	0	0
0	0	0
0	0	0
0	0	0
0	0	0
0	0	0
-0.108848166023381	-0.108848166023381	-0.108848166023381
0	0	0
0	0	0
0	0	0
-0.37941148695536	-0.37941148695536	-0.37941148695536
0	0	0
0	0	0
0	0	0
0	0	0
0	0	0
0	0	0
0	0	0
0	0	0
0	0	0
0	0	0
0	0	0
0	0	0
-0.128118918370455	-0.128118918370455	-0.128118918370455
0	0	0
0	0	0
0	0	0
0	0	0
0	0	0
0	0	0
0	0	0
0	0	0
0	0	0
0	0	0
0	0	0
0	0	0
0	0	0
0	0	0
0	0	0
0	0	0
0	0	0
0	0	0
0	0	0
0	0	0
0	0	0
0.268238245486282	0.131897582963575	0.0533226878149435
0	0	0
0	0	0
0	0	0
0	0	0
0	0	0
0	0	0
0	0	0
-0.313019419182092	-0.313019419182092	-0.313019419182092
0	0	0
0	0	0
0	0	0
0	0	0
0	0	0
0	0	0
0	0	0
-0.161387532553636	-0.161387532553636	-0.161387532553636
-0.298611708753742	-0.298611708753742	-0.298611708753742
0	0	0
0	0	0
0	0	0
0	0	0
0	0	0
0	0	0
0	0	0
-0.24853302158881	-0.24853302158881	-0.24853302158881
0	0	0
0	0	0
0	0	0
0	0	0
0.282052395003848	0.282052395003848	0.0929615944158286
0	0	0
0	0	0
0.227990887779742	0.227990887779742	0.227990887779742
0	0	0
0	0	0
0	0	0
0	0	0
0	0	0
0	0	0
0	0	0
-0.375872221007012	-0.491541820665589	-0.532070613605902
0	0	0
0	0	0
0	0	0
0	0	0
0	0	0
0	0	0
0	0	0
0	0	0
0	0	0
0	0	0
0.298694369546138	0.298694369546138	0.298694369546138
0	0	0
0	0	0
0	0	0
0	0	0
0	0	0
0	0	0
0	0	0
0	0	0
0	0	0
0	0	0
0	0	0
0	0	0
0	0	0
0	0	0
0	0	0
0	0	0
0	0	0
0	0	0
-0.353287144633941	-0.353287144633941	-0.353287144633941
-0.155519527127035	-0.155519527127035	-0.155519527127035
0	0	0
0	0	0
0	0	0
0	0	0
0	0	0
0	0	0
0	0	0
0	0	0
0	0	0
0	0	0
0	0	0
0	0	0
0	0	0
0	0	0
0	0	0
0	0	0
0	0	0
0	0	0
0	0	0
0	0	0
0	0	0
0	0	0
0	0	0
0.364650504244492	0.364650504244492	0.364650504244492
0	0	0
0	0	0
0	0	0
0	0	0
0	0	0
0	0	0
-0.22950131916441	-0.22950131916441	-0.22950131916441
0	0	0
0	0	0
0	0	0
0	0	0
0	0	0
0	0	0
0	0	0
0	0	0
0	0	0
0	0	0
0	0	0
0	0	0
0	0	0
0	0	0
0	0	0
-0.348267494537868	-0.348267494537868	-0.348267494537868
0	0	0
0	0	0
0.115201983135194	0.115201983135194	0.115201983135194
0	0	0
0	0	0
0	0	0
0	0	0
0	0	0
0	0	0
0	0	0
0	0	0
0	0	0
-0.133417290146463	-0.133417290146463	-0.133417290146463
0	0	0
0	0	0
0	0	0
0	0	0
0	0	0
0	0	0
0	0	0
0	0	0
0	0	0
0	0	0
0	0	0
0	0	0
0	0	0
0	0	0
-0.318232469540089	-0.318232469540089	-0.318232469540089
0	0	0
0	0	0
0	0	0
0.252241143630818	0.252241143630818	0.252241143630818
0	0	0
0	0	0
0.170562033727765	0.170562033727765	0.170562033727765
0	0	0
0	0	0
0	0	0
0	0	0
0	0	0
-0.352423367509618	-0.46597055127495	-0.553405688540079
0	0	0
-0.319573109410703	-0.319573109410703	-0.319573109410703
0	0	0
0	0	0
0	0	0
0	0	0
-0.156988386786543	-0.156988386786543	-0.156988386786543
0	0	0
0	0	0
0	0	0
0	0	0
0	0	0
0	0	0
0	0	0
-0.269548817793839	-0.269548817793839	-0.269548817793839
0	0	0
0	0	0
0	0	0
0	0	0
0	0	0
0	0	0
0	0	0
0	0	0
0	0	0
0	0	0
0	0	0
0	0	0
-0.101325224712491	-0.101325224712491	-0.101325224712491
0	0	0
0	0	0
0	0	0
-0.116353435977362	-0.116353435977362	-0.116353435977362
0	0	0
0	0	0
-0.118446581531316	-0.118446581531316	-0.118446581531316
-0.314565656520426	-0.314565656520426	-0.314565656520426
-0.177673740289174	-0.177673740289174	-0.177673740289174
0	0	0
0	0	0
0	0	0
0	0	0
0	0	0
0	0	0
-0.355806793901138	-0.355806793901138	-0.355806793901138
0	0	0
0	0	0
0	0	0
0	0	0
0	0	0
0	0	0
0	0	0
0	0	0
0	0	0
0	0	0
-0.375505629600957	-0.375505629600957	-0.375505629600957
0	0	0
0	0	0
0	0	0
0.245318190963008	0.245318190963008	0.245318190963008
0	0	0
0	0	0
0	0	0
0	0	0
0	0	0
0	0	0
0	0	0
0	0	0
0	0	0
0	0	0
0	0	0
0	0	0
0	0	0
0	0	0
0	0	0
0	0	0
0	0	0
0	0	0
0	0	0
0	0	0
0	0	0
0	0	0
0	0	0
0	0	0
0	0	0
0	0	0
0	0	0
0	0	0
-0.272635028744116	-0.272635028744116	-0.272635028744116
0	0	0
0	0	0
0	0	0
0	0	0
0	0	0
-0.389242373360321	-0.389242373360321	-0.389242373360321
0	0	0
0	0	0
0	0	0
0	0.138187534874305	0.162016012100503
0	0	0
0	0	0
0	0	0
0	0	0
0	0	0
0	0	0
0	0	0
0.140170421684161	0.140170421684161	0.140170421684161
0	0	0
0	0	0
0	0	0
0	0	0
0	0	0
0	0	0
-0.362038081348874	-0.362038081348874	-0.362038081348874
0	0	0
0	0	0
0.279587560729124	0.279587560729124	0.279587560729124
0	0	0
0	0	0
0	0	0
0	0	0
0	0	0
0	0	0
0	0	0
-0.32397282270249	-0.32397282270249	-0.32397282270249
0	0	0
0	0	0
0	0	0
0	0	0
0	0	0
0	0	0
0	0	0
0	0	0
0.214594831643626	0.214594831643626	0.214594831643626
0	0	0
-0.201630719495006	-0.201630719495006	-0.201630719495006
0	0	0
0	0	0
0	0	0
0	0	0
0	0	0
0	0	0
0	0	0
0.227007722179405	0.227007722179405	0.227007722179405
0	0	0
0	0	0
0	0.124137146217981	0.171490991767496
0	0	0
0	0	0
0.270150864124298	0.270150864124298	0.270150864124298
0	0	0
0	0	0
0	0	0
0	0	0
0	0	0
0	0	0
0	0	0
0	0	0
0	0	0
-0.13881933670491	-0.13881933670491	-0.13881933670491
0	0	0
0	0	0
0	0	0
0	0	0
0	0	0
0	0	0
0	0	0
0	0	0
0	0	0
0	0	0
0	0	0
0	0	0
0	0	0
0	0	0
0	0	0
0	0	0
0	0	0
0	0	0
0	0	0
0	0	0
0	0	0
0	0	0
0	0	0
-0.204202579776756	-0.204202579776756	-0.204202579776756
0	0	0
0	0	0
0	0	0
0	0	0
0	0	0
-0.14981021375861	-0.14981021375861	-0.14981021375861
0	0	0
0	0	0
0	0	0
0	0	0
0	0	0
0	0	0
0	0	0
0	0	0
0	0	0
0	0	0
0	0	0
0	0	0
0	0	0
0	0	0
0	0	0
0	0	0
0	0	0
0	0	0
-0.195314057543874	-0.195314057543874	-0.195314057543874
0	0	0
0	0	0
0	0	0
0	0	0
0	0	0
0	0	0
0	0	0
0	0	0
0	0	0
0	0	0
0	0	0
0	0	0
0	0	0
0	0	0
0	0	0
0	0	0
0.288255040510558	0.288255040510558	0.288255040510558
0.248751551564783	0.248751551564783	0.248751551564783
0	0	0
0	0	0
0	0	0
0	0	0
0	0	0
0	0	0
0	0	0
0	0	0
0	0	0
0	0	0
0	0	0
0	0	0
0	0	0
0	0	0
0	0	0
0	0	0
0	0	0
0	0	0
0	0	0
0	0	0
0	0	0
0	0	0
0	0	0
0	0	0
0	0	0
0	0	0
0	0	0
0	0	0
0	0	0
0	0	0
0	0	0
0	0	0
0	0	0
0	0	0
0	0	0
0	0	0
0	0	0
0	0	0
0	0	0
0	0	0
-0.137067929026671	-0.137067929026671	-0.137067929026671
0	0	0
0	0	0
0	0	0
0	0	0
0.189590805000626	0.189590805000626	0.189590805000626
0	0	0
0	0	0
0	0	0
0	0	0
0	0	0
0	0	0
0	0	0
0	0	0
0	0	0
0	0	0
0	0	0
0	0	0
0	0	0
0	0	0
0	0	0
-0.359058953262866	-0.359058953262866	-0.359058953262866
0	0	0
0	0	0
0.272141131595708	0.272141131595708	0.272141131595708
0	0	0
0	0	0
0	0	0
0	0	0
0	0	0
0	0	0
0	0	0
0	0	0
-0.136283038463443	-0.136283038463443	-0.136283038463443
0	0	0
0	0	0
0	0	0
0	0	0
0	0	0
0	0	0
0	0	0
0	0	0
0	0	0
0	0	0
0	0	0
0	0	0
0	0	0
0	0	0
0	0	0
0	0	0
0	0	0
0	0	0
0	0	0
0	0	0
0	0	0
0	0	0
0	0	0
0	0	0
0	0	0
-0.139483779389411	-0.139483779389411	-0.139483779389411
0	0	0
0	0	0
0	0	0
0	0	0
-0.159467971324921	-0.159467971324921	-0.159467971324921
0	0	0
0	0	0
0	0	0
0	0	0
0	0	0
0	0	0
0	0	0
0	0	0
0	0	0
0	0	0
0	0	0
0	0	0
0	0	0
0	0	0
0	0	0
0	0	0
0	0.165571659815032	0.191422565514222
0	0	0
0	0	0
0	0	0
0	0	0
0	0	0
0	0	0
0	0	0
0	0	0
0	0	0
0	0	0
0.135662558232434	0.135662558232434	0.135662558232434
0.220443695248105	0.220443695248105	0.220443695248105
0	0	0
0	0	0
0	0	0
0	0	0
0	0	0
0	0	0
-0.391677818167955	-0.391677818167955	-0.391677818167955
0	0	0
-0.135352256754413	-0.135352256754413	-0.135352256754413
0	0	0
0	0	0
0	0	0
0	0	0
0	0	0
0	0	0
0	0	0
0	0	0
0	0	0
0	0	0
0.356039900775068	0.356039900775068	0.356039900775068
0	0	0
0	0	0
0	0	0
0	0	0
0	0	0
0	0	0
0.379534129216336	0.379534129216336	0.379534129216336
0	0	0
0	0	0
0	0	0
0	0	0
0	0	0
0	0	0
0	0	0
0	0	0
0	0	0
0	0	0
0.286898524616845	0.286898524616845	0.286898524616845
0	0	0
0	0	0
-0.227955260220915	-0.227955260220915	-0.227955260220915
0	0	0
0	0	0
0	0	0
0	0	0
0	0	0
-0.147016563429497	-0.147016563429497	-0.147016563429497
0	0	0
0	0	0
0	0	0
0	0	0
0	0	0
-0.320816513686441	-0.320816513686441	-0.320816513686441
0	0	0
0	0	0
0	0	0
0	0	0
0	0	0
0	0	0
0	0	0
0	0	0
0	0	0
0	0	0
0	0	0
0	0	0
0	0	0
0	0	0
0	0	0
0	0	0
0	0	0
0	0	0
0	0	0
0	0	0
0	0	0
-0.286222218815237	-0.286222218815237	-0.286222218815237
0	0	0
0	0	0
0	0	0
0	0	0
0	0	0
0	0	0
0	0	0
0	0	0
0	0	0
0	0	0
0	0	0
0	0	0
0	0	0
0.115792568190955	0.115792568190955	0.115792568190955
-0.240302882832475	-0.240302882832475	-0.240302882832475
0	0	0
0	0	0
0	0	0
0	0	0
0	0	0
0	0	0
0	0	0
0	0	0
0	0	0
0	0	0
0	0	0
0	0	0
0	0	0
0	0	0
0	0	0
0	0	0
0	0	0
0	0	0
0	0	0
0	0	0
0	0	0
0	0	0
0	0	0
0	0	0
0	0	0
0	0	0
0	0	0
0	0	0
0	0	0
0	0	0
0	0	0
0	0	0
0	0	0
0	0	0
0	0	0
0	0	0
0.266574856522493	0.266574856522493	0.266574856522493
0	0	0
0	0	0
0	0	0
0	0	0
-0.346806084644049	-0.346806084644049	-0.110396915883757
0	0	0
0	0	0
0	0	0
0	0	0
0	0	0
0	0	0
0	0	0
-0.306010537268594	-0.306010537268594	-0.306010537268594
0	0	0
0	0	0
0	0	0
0	0	0
0	0	0
0.295914502907544	0.295914502907544	0.295914502907544
0	0	0
0	0	0
0	0	0
0	0	0
0	0	0
0	0	0
0	0	0
0.341547620366327	0.341547620366327	0.341547620366327
0	0	0
0	0	0
0	0	0
0.312684019701555	0.312684019701555	0.312684019701555
0	0	0
0	0	0
0	0	0
0	0	0
0	0	0
0	0	0
0	0	0
0	0	0
0	0	0
0.164991431985982	0.164991431985982	0.164991431985982
0	0	0
0	0	0
0	0	0
0	0	0
0	0	0
0	0	0
0	0	0
0	0	0
0	0	0
0	0	0
0	0	0
0	0	0
0	0	0
0	0	0
0	0	0
0	0	0
0	0	0
0	0	0
0	0	0
0	0	0
0	0	0
0	0	0
0	0	0
0	0	0
0	0	0
-0.395326975965872	-0.395326975965872	-0.395326975965872
0	0	0
0	0	0
0	0	0
0	0	0
0	0	0
0	0	0
0.318288026051596	0.16786849576747	0.0696114165475592
0	0	0
0	0	0
0	0	0
0.166659597516991	0.166659597516991	0.166659597516991
0	0	0
0	0	0
0	0	0
0	0	0
0	0	0
0.229855867032893	0.229855867032893	0.229855867032893
0	0	0
0	0	0
0	0	0
-0.125168423634022	-0.125168423634022	-0.125168423634022
0	0	0
0	0	0
0	0	0
0.339374779048376	0.339374779048376	0.339374779048376
0	0	0
0	0	0
0	0	0
-0.20076590902172	-0.20076590902172	-0.20076590902172
0	0	0
0	0	0
0	0	0
0	0	0
0	0	0
0	0	0
0	0	0
0	0	0
0	0	-0.236007713712752
0	0	0
0	0	0
0	0	0
0	0	0
0	0	0
0	0	0
-0.217092075035907	-0.217092075035907	-0.217092075035907
0	0	0
0	0	0
0	0	0
0	0	0
0	0	0
-0.259116025664844	-0.259116025664844	-0.259116025664844
0	0	0
0	0	0
0	0	0
0	0	0
0	0	0
0	0	0
0	0	0
0	0	0
-0.191933386353776	-0.191933386353776	-0.191933386353776
0	0	0
0	0	0
0	0	0
0	0	0
0	0	0
0	0	0
0	0	0
-0.122349891276099	-0.122349891276099	-0.310550767113455
-0.1337051700335	-0.1337051700335	-0.1337051700335
0	0	0
0.256550797424279	0.256550797424279	0.256550797424279
0	0	0
0	0	0
0	0	0
0.281373187457211	0.281373187457211	0.281373187457211
0	0	0
0	0	0
0	0	0
0	0	0
0	0	0
0	0	0
0	0	0
0	0	0
0	0	0
0	0	0
0	0	0
0	0	0
0	0	0
0	0	0
0	0	0
-0.299347069603391	-0.299347069603391	-0.299347069603391
0	0	0
0	0	0
0	0	0
-0.226283998135477	-0.226283998135477	-0.226283998135477
0	0	0
0	0	0
0	0.148163790634135	0.242783045000397
0	0	0
0	0	0
0	0	0
0	0	0
-0.101991195208393	-0.101991195208393	-0.101991195208393
0	0	0
0	0	0
0	0	0
0	0	0
0	0	0
0	0	0
-0.250856957538053	-0.250856957538053	-0.250856957538053
0	0	0
0	0	0
0	0	0
0	0	0
0	0	0
0	0	0
0	0	0
0	0	0
0	0	0
0	0	0
0	0	0
0	0	0
0	0	0
0	0	0
0	0	0
0	0	0
0	0	0
0	0	0
0	0	0
0	0	0
-0.122549677779898	-0.122549677779898	-0.122549677779898
0	0	0
0	0	0
0	0	0
0	0	0
0	0	0
0	0	0
0	0	0
-0.292727674124762	-0.292727674124762	-0.292727674124762
0	0	0
0	0	0
0	0	0
0	0	0
0.296524277282879	0.296524277282879	0.296524277282879
0	0	0
0	0	0
0	0	0
0	0	0
-0.303679635887966	-0.303679635887966	-0.303679635887966
0	0	0
0	0	0
0	0	0
0	0	0
0	0	0
0.166725124791265	0.166725124791265	0.166725124791265
0	0	0
0	0	0
0	0	0
0.355521700228564	0.355521700228564	0.355521700228564
0	0	0
0	0	0
0	0	0
-0.259054535394534	-0.259054535394534	-0.259054535394534
0	0	0
0.336482257745229	0.336482257745229	0.336482257745229
0	0	0
0	0	0
0.24487475650385	0.383696882158984	0.466279972530901
0	0	0
0	0	0
0	-0.167066067707492	-0.178448890359141
0	0	0
0	0	0
0	0	0
0	0	0
0	0	0
0	0	0
0	0	0
0	0	0
0.174908936838619	0.174908936838619	0.174908936838619
0	0	0
0.192209769482724	0.192209769482724	0.192209769482724
0	0	0
0	0	0
0	0	0
-0.114112954726443	-0.114112954726443	-0.114112954726443
0	0	0
0	0	0
0	0	0
0	0	0
0	0	0
0	0	0
0	0	0
0	0	0
-0.291273958119564	-0.291273958119564	-0.291273958119564
0	0	0
0	0	0
0	0	0
0	0	0
0	0	0
0	0	0
0	0	0
0	0	0
0	0	0
0	0	0
0	0	0
0	0	0
0	0	0
0	0	0
0	0	0
0	0	0
0.189559477218427	0.189559477218427	0.189559477218427
0	0	0
0	0	0
0	0	0
0	0	0
0	0	0
0	0	0
0	0	0
-0.126990753388964	-0.126990753388964	-0.126990753388964
0	0	0
0	0	0
0	0	0
0	0	0
0	0	0
0	0	0
0.135184068628587	0.135184068628587	0.135184068628587
0	-0.123166103154654	-0.206694374606013
0	0	0
0	0	0
0	0	0
0	0	0
-0.111015743506141	0.0699736099748407	0.121229593665339
0	0	0
0	0	0
0	0	0
0	0	0
0	0	0
0	0	0
0	0	0
0	0	0
0	0	0
0	0	0
0	0	-0.203528880095109
0	0	0
0	0	0
0	0	0
0	0	0
0	0	0
0	0	0
0	0	0
0.211135528772138	0.211135528772138	0.211135528772138
0	0	0
0	0	0
0	0	0
0	0	0
0	0	0
0	0	0
-0.309191915299743	-0.309191915299743	-0.309191915299743
0	0	0
0	0	0
0	0	0
-0.268391687050462	-0.268391687050462	-0.268391687050462
0	0	0
0	0	0
0	0	0
0	0	0
0.29119158454705	0.29119158454705	0.29119158454705
0	0	0
0	0	0
0	0	0
0	0	0
0	0	0
0	0	0
0	0	0
0	0	0
0	0	0
0	0	0
0	0	0
0	0	0
0	0	0
0	0	0
-0.394802350201644	-0.394802350201644	-0.394802350201644
0	0	0
0	0	0
0	0	0
0	0	0
0	0	0
0	0	0
0	0	0
0	0	0
0	0	0
-0.214122096146457	-0.214122096146457	-0.214122096146457
0	0	0
0	0	0
0	0.163836384698516	0.164222975214943
0	0	0.158321765251458
0	0	0
0	0	0
0	0	0
0	0	0
0	0	0
0.395172414160334	0.395172414160334	0.395172414160334
0	0	0
0	0	0
0	0	0
0	0	0
0	0	0
-0.213265771442093	-0.213265771442093	-0.213265771442093
0	0	0
0	0	0
0	0	0
0	0	0
0	0	0
0	0	0
0	0	0
0	0	0
0	0	0
0	0	0
0	0	0
0	0	0
0	0	0
0	0	0
0	0	0
-0.256902983342297	-0.398875132441754	-0.480791830993258
0	0	0
0	0	0
0	0	0
0	0	0
0	0	0
0	0	0
0	0	0
0	0	0
0	0	0
0	0	0
0	0	0
0	0	0
0	-0.150568040111102	-0.22955554262735
0.372162050148472	0.372162050148472	0.372162050148472
0	0	0
0	0	0
0	0	0
-0.183509530848823	-0.183509530848823	-0.183509530848823
0	0	0
0.26238031371031	0.26238031371031	0.26238031371031
0	0	0
0	0	0
0	0	0
0	0	0
-0.161335952277295	-0.161335952277295	-0.161335952277295
0	0	0
0.21521460772492	0.21521460772492	0.21521460772492
0	0	0
0.279990849155001	0.279990849155001	0.279990849155001
0	0	0
0	0	0
0	0	0
0	0	0
0	0	0
0	0	0
0.249695752072148	0.249695752072148	0.249695752072148
0	0	0
0	0	0
0	0	0
0	0	0
0	0	0
0	0	0
0	0	0
0	0	0
0	0	0
0	0	0
0	0	0
-0.269201725278981	-0.269201725278981	-0.269201725278981
0	0	0
0	0	0
0	0	0
0	0	0
-0.103194478526711	-0.103194478526711	-0.103194478526711
0.338035011105239	0.338035011105239	0.338035011105239
-0.199262906447984	-0.199262906447984	-0.199262906447984
0	0	0
0	0	0
0	0	0
0	0	0
0	0	0
0	0	-0.158718294533901
0	0	0
0	0	0
0	0	0
0	0	0
0	0	0
0	0	0
0	0	0
0	-0.119628114346415	-0.160501571791247
0	0	0
-0.18218308929354	-0.18218308929354	-0.18218308929354
0	0	0
0	0	0
0	0	0
0	0	0
0	0	0
0	0	0
0	0	0
0	0	0
0	0	0
0	0	0
0	0	0
0	0	0
0	0	0
0	0	0
-0.397977650933899	-0.397977650933899	-0.397977650933899
0	0	0
0	0	0
0	0	0
0	0	0
0	0	0
0	0	0
0	0	0
0	0	0
0	0	0
0	0	0
0	0	0
0	0	0
0	0	0
0	0	0
-0.330255720182322	-0.330255720182322	-0.330255720182322
0	0	0
0	0	0
0	0	0
-0.342778745573014	-0.342778745573014	-0.342778745573014
0	0	0
0	0	0
0	0	0
0	0	0
0	0	0
0	0	0
0	0	0
0	0	0
0.290067247441039	0.290067247441039	0.0990253558615223
0	0	0
0	0	0
0	0	0
0	0	0
0	0	0
0	0	0
0	0	0
0	0	0
0	0	0
0	0	0
0.380517555004917	0.380517555004917	0.380517555004917
0	0	0
0	0	0
0	0	0
0	0	0
0	0	0
0	0	0
0	0	0
0	0	0
0	0	0
0	0	0
0	0	0
0	0	0
0	0	0
0	0	0
0.387403475726023	0.387403475726023	0.387403475726023
0	0	0
0	0	0
0	0	0
0	0	0
0	0	0
0	0	0
0	0	0
0	0	0
0	0	0
0	0	0
0.330922255059704	0.330922255059704	0.330922255059704
0	0	0
-0.190555782848969	-0.190555782848969	-0.190555782848969
0	0	0
0	0	0
0	0	0
0	0	0
0	0	0
0	0	0
0	0	0
0	0	0
0	0	0
-0.14674553591758	-0.14674553591758	-0.14674553591758
0	0	0
0	0	0
0	0	0
0	0	0
0	0	0
0	0	0
0	0	0
0	0	0
0	0	0
0	0	0
0	0	0
0	0	0
0	0	0
0	0	0
0	0	0
0.272461165580899	0.272461165580899	0.272461165580899
0	0	0
0	0	0
0	0	0
0	0	0
0	0	0
0	0	0
0	0	0
0	0	0
0	0	0
0	0	0
0	0	0
0	0	0
0	0	0
0	0	0
-0.109433139045723	-0.109433139045723	-0.109433139045723
0	0	0
0	0	0
0	0	0
0	0	0
0	0	0
-0.168681540410034	-0.168681540410034	-0.168681540410034
0	0	0
0	0	0
0	0	0
0	0	0
0	0	0
0	0	0
0	0	0
0	0	0
0	0	0
0	0	0
0	0	0
0	0	0
0	0	0
0	0	0
0	0	0
0	0	0
0	0	0
0	0	0
0.358846781030297	0.358846781030297	0.115466978074983
0	0	0
0	0	0
0	0	0
0	0	0
0	0	0
0	0	0
0	0	0
0	0	0
0	0	0
0	0	0
0	0	0
0	0	0
0	0	0
0	0	0
0	0	0
0	0	0
0	0	0
0	0	0
0	0	0
0	0	0
0	0	0
0	0	0
0	0	0
0	0	0
0	0	0
0	0	0
0	0	0
0	0	0
0	0	0
0	0	0
0	0	0
0.217623499641195	0.217623499641195	0.217623499641195
-0.14716704338789	-0.14716704338789	-0.14716704338789
0	0	0
0	0	0
0	0	0
0	0	0
0	0	0
0	0	0
0	0	0
0	0	0
0	0	0
0	0	0
0	0	0
0	0	0
0	0	0
0	-0.172016044089105	-0.201312896749005
0	0	0
-0.394042283762246	-0.394042283762246	-0.394042283762246
0	0	0
0	0	0
0	0	0
0	0	0
0	0	0
0	0	0
0	0	0
0	0	0
0	0	0
0	0	0
0	0	0
0	0	0
0	0	0
0	0	0
-0.328538579121232	-0.328538579121232	-0.328538579121232
0	0	0
0	0	0
0	0	0
0	0	0
0	0	0
0	0	0
0	0	0
0	0	0
0	0	0
0	0	0
0	0	0
0	0	0
0	0	0
0	0	0
0	0	0
0	0	0
0	0	0
0	0	0
0	0	0
0	0	0
0	0	0
0	0	0
0.261894821096212	0.261894821096212	0.261894821096212
-0.376467639906332	-0.534220615617232	-0.554729752917774
0	0	0
0	0	0
0	0	0
0	0	0
0	0	0
0	0	0
0	0	0
0	0	0
0	0	0
-0.27316325684078	-0.27316325684078	-0.27316325684078
0	0	0
0	0	0
0	0	0
0	0	0
0	0	0
0	0	0
0	0	0
0	0	0
0	0	0
0	0	0
0	0	0
0	0	0
0.225017085205764	0.225017085205764	0.225017085205764
0	0	0
0	0	0
0	0	0
0	0	0
0	0	0
0	0	0
0	0	0
0	0	0
0	0	0
0	0	0
0	0	0
0	0	0
0	0	0
0	0	0
0	0	0
0	0	0
0	0	0
0	0	0
0	0	0
0	0	0
0	0	0
0	0	0
0	0	0
0	0	0
0	0	0
0	0	0
0	0	0
0	0	0
0	0	0
0	0	0
0	0	0
0	0	0
0	0	0
0	0	0
0	0	0
0	0	0
0	0	0
0	0	0
0	0	0
0	0	0
0	0	0
0	0	0
-0.252116951625794	-0.252116951625794	-0.252116951625794
0	0	0
0	0	0
0	0	0
0	0	0
0	0	0
0	0	0
0	0	0
0	0	0
0	0	0
0	0	0
0	0	0
0.131933740293607	0.131933740293607	0.131933740293607
0	0	0
0	0	0
0	0	0
0	0	0
0	0	0
0	0	0
0	0	0
0	0	0
0	0	0
0	0	0
0	0	0
0	0	0
0	0	0
0	0	0
0.351963983895257	0.351963983895257	0.351963983895257
0	0	0
0	0	0
0	0	0
0	0	0
0	0	0
0	0	0
0	0	0
0	0	0
0	0	0
0	0	0
0	0	0
0	0	0
0	0	0
0	0	0
0	0	0
0	0	0
0	0	0
0	0	0
0	0	0
0	0	0
0	0	0
0	0	0
0	0	0
0	0	0
0	0	0
0	0	0
0	0	0
0	0	0
0	0	0
0	0	0
0	0	0
0	0	0
0.189183774753474	0.189183774753474	0.189183774753474
0	0	0
0	0	0
0	0	0
0	0	0
0	0	0
0	0	0
0	0	0
-0.212066360213794	-0.212066360213794	-0.212066360213794
0	0	0
0	0	0
0	0	0
0	0	0
0	0	0
0	0	0
-0.209672611951828	-0.377655971987406	-0.395324833178893
0	0	0
0	0	0
0	0	0
0	0	0
0	0	0
0	0	0
0	0	0
0	0	0
0	0	0
0	0	0
0	0	0
0	0	0
0	0	0
0	0	0
0	0	0
0	0	0
0	0	0
0	0	0
0	0	0
0	0	0
0	0	0
0	0	0
0	0	0
0	0	0
0	0	0
0	0	0
0	0	0
0	0	0
0	0	0.183831837703474
0	0	0
0	0	0
0	0	0
0	0	0
0	0	0
0	0	0
0.376651050685905	0.376651050685905	0.376651050685905
0	0	-0.165635426249355
0	0	0
0	0	0
0	0	0
0	0	0
0	0	0
0	0	0
0	0	0
0	0	0
0	0	0
0	0	0
0	0	0
0	0	0
0	0	0
0	0	0
0	0	0
0	0	0
0	0.126315203297418	0.164941725018434
-0.307916739908978	-0.307916739908978	-0.307916739908978
0	0	0
0	0	0
-0.282495186151937	-0.282495186151937	-0.282495186151937
-0.204359899298288	-0.204359899298288	-0.204359899298288
0	0	0
0.382352786813863	0.382352786813863	0.382352786813863
0	0	0
0	0	0
0	0	0
0	0	0
0	0	0
0	0	0
0	0	0
0.393091204995289	0.393091204995289	0.393091204995289
0	0	0
0	0	0
0	0	0
0	0	0
0	0	0
0	0	0
0	0	0
0	0	0
0	0	0
0	0	0
0	0	0
0	0	0
0	0	0
0	0	0
0	0	0
0	0	0
0	0	0
0	0	0
0	0	0
0	0	0
0	0	0
0	0	0
0	0	0
0	0	0
0.381417957483791	0.536448633152759	0.627336353203282
0	0	0
0	0	0
0	0	0
0	0	0
0	0	0
0	0	0
0	0	0
0	0	0
0	0	0
0	0	0
0	0	0
0.397574186627753	0.397574186627753	0.397574186627753
0	0	0
0	0	0
0	0	0
0	0	0
0	0	0
-0.109361080033705	-0.109361080033705	-0.109361080033705
-0.167553366557695	-0.167553366557695	-0.167553366557695
0	0	0
0	0	0
0	0	0
0	0	0
0	0	0
0	0	0
0	0	0
0	0	0
0	0	0
0	0	0
0	0	0
0	0	0
0	0	0
0	0	0
0	0	0
0	0	0
0	0	0
0.207328393962234	0.207328393962234	0.207328393962234
0	0	0
0	0	-0.160802722582594
0	0	0
0	0	0
0	0	0
0	0	0
0	0	0
0	0	0
0	0	0
0	0	0
0	0	0
-0.241125711984932	-0.241125711984932	-0.241125711984932
0	0	0
-0.285610202280805	-0.159563978551887	-0.0582065109862015
0	0	0
0	0	0
0	0	0
0	0	0
0	0	0
0	0	0
0	0	-0.212955748615786
0	0	0
0	0	0
0	0	0
0	0	0
0	0	0
0	0	0
-0.166649138578214	-0.166649138578214	-0.166649138578214
0	0	0
0	0	0
0	0	0
0	0	0
0	0	0
0	0	0
0	0	0
0	0	0
0	0	0
0	0	0
0	0	0
0	0	0
0	0	0
0	0	0
-0.376417852798477	-0.376417852798477	-0.376417852798477
-0.110035253339447	-0.110035253339447	-0.110035253339447
0	0	0
0	0	0
0	0	0
0	0	0
0	0	0
0	0	0
0	0	0
0	0	0
0	0	0
0	0	0.196853198506869
0	0	0
0	0	0
0	0	0
0	0	0
0	0	0
0	0	0
0	0	0
0	0	0
0	0	0
-0.140599880297668	-0.140599880297668	-0.140599880297668
0	0	0
0	0	0
0	0	0
0	0	0
0	0	0
0	0	0
0	0	0
0	0	0
0	0	0
0	0	0
0	0	0
0	0	0
0	0	0
0	0	0
0	0	0
0	0	0
0	0	0
0	0	0
0.276124290144071	0.276124290144071	0.276124290144071
0	0	0
0	0	0
0	0	0
0	0	0
0	0	0
0	0	0
0	0	0
0	0	0
0.379367978521623	0.379367978521623	0.379367978521623
0	0	0
0.271730293380097	0.271730293380097	0.271730293380097
0	0	0
0	0	0
0	0	0
0	0	0
0	0	0
0	0	0
0	0	0
0	0	0
-0.208209697017446	-0.208209697017446	-0.208209697017446
0	0	0
0	0	0
0	0	0
0.140934063284658	0.140934063284658	0.140934063284658
0	0	0
0	0	0
0	0	0
0	0	0
0	0	0
0	0	0
0	0	0
0	0	0
0	0	0
0	0	0
0	0	0
0.334786267927848	0.334786267927848	0.334786267927848
0	0	0
0	0	0
0	0	0
0	0	0
0	0	0
0	0	0
0	0	0
0	0	0
0	0	0
0	0	0
0	0	0
0.150563248828985	0.150563248828985	0.150563248828985
0	0	0
0	0	0
0	0	0
0	0	0
0	0	0
0	0	0
0	0	0
0	0	0
0	0	0
0	0	0
0	0	0
0	0	0
0.194676002766937	0.194676002766937	0.194676002766937
0	0	0
0	0	0
0	0	0
0	0	0
0	-0.122914751095232	-0.244338750001043
0	0	0
0	0	0
0	0	0
0	0	0
0	0	0
0	0	0
0	0	0
0	0	0
0	0	0
0	0	0
0	0	0
0	0	0
0	0	0
0	0	0
0	0	0
0	0	0
0	0	0
0	0	0
0	0	0
0	0	0
0	0	0
0	0	0
0	0	0
0	0	0
-0.329993046633899	-0.329993046633899	-0.329993046633899
0	0	0
0	0	0
0	0	0
0	0	0
0	0	0
0	0	0
0	0	0
0.330260829930194	0.330260829930194	0.330260829930194
0	0	0
0	0	0
0	0	0
0	0	0
0	0	0
0	0	0
0	0	0
0	0	0
0	0	0
0	0	0
0	0	0
0	0	0
0	0	0
0	0	0
0	0	0
0	0	0
0	0	0
0	0	0
0	0	0
0	0	0
0	0	0
0	0	0
0	0	0
0	0	0
0	0	0
0.28465243447572	0.28465243447572	0.28465243447572
0	0	0
0	0	0
0	0	0
0	0	0
0	0	0
0	0	0
0	0	0
0	0	0
0	0	0
0	0	0
0	0	0
-0.261285853548907	-0.261285853548907	-0.261285853548907
0	0	0
0	0	0
0	0	0
0	0	0
0	0	0
0	0	0
0	0	0
0	0	0
0	0	0
0	0	0
0	0	0
0.329463010840118	0.329463010840118	0.329463010840118
0	0	0
0	0	0
-0.123576879664324	-0.123576879664324	-0.123576879664324
-0.216600343072787	-0.216600343072787	-0.216600343072787
-0.399285104335286	-0.399285104335286	-0.205232001584955
0	0	0
0.115004024165683	0.115004024165683	0.115004024165683
0	0	0
0	0	0
0	0	0
0	0	0
0	0	0
0	0	0
0	0	0
0	0	0
0	-0.159713424299844	-0.152717886678875
0	0	0
0	0	0
0	0	0
0.372629907936789	0.372629907936789	0.372629907936789
0	0	0
0	0	0
0	0	0
0	0	0
-0.174409243045375	-0.174409243045375	-0.000585120799951239
0	0	0
0	0	0
0	0	0
0	0	0
0	0	0
0	0	0
0	0	0
0	0	0
0	0	0
0	0	0
0	0	0
0	0	0
0	0	0
0	0	0
0	0	0
0	0	0
0	0	0
0	0	0
0	0	0
0	0	0
0	0	0
0	0	0
0	0	0
0	0	0
0	0	0
0	0	0
0	0	0
0	0	0
0	0	0
0	0	0
0	0	0
0	0	0
0	0	0
0	0	0
0	0	0
-0.185178307350725	-0.185178307350725	-0.185178307350725
0	0	0
0	0	0
0	0	0
0	0	0
0	0	0
0	0	0
0	0	0
0	0	0
0	0	0
0	0	0
0	0	0
0.216885449108668	0.216885449108668	0.216885449108668
0	0	0
0	0	0
0	0	0
0	0	0
0	0	0
0	0	0
0	0	0
0	0	0
0	0	0
0	0	0
0	0	0
0	0	0
-0.394254400394857	-0.394254400394857	-0.394254400394857
0	0	0
0	0	0
0	0	0
0	0	0
0	0	0
0	0	0
0	0	0
0	0	0
0	0	0
0	0	0
0	0	0
0	0	0
0	0	0
0	0	0
0	0	0
0	0	0
-0.253832603082992	-0.253832603082992	-0.253832603082992
0	0	0
0	0	0
0	0	0
0	0	0
0	0	0
0	0	0
0.15634731312748	0.15634731312748	0.15634731312748
0	0	0
0	0	0
0	0	0
0	0	0
0	0	0
0	0	0
0	0	0
0	0	0
0	0	0
0	0	0
0	0	0
0	0	0
0	0	0
0	0	0
0	0	0
0	0	0
0	0	0
0	0	0
0	0	0
0	0	0
0	0	0
0	0	0
0	0	0
0.31137701976113	0.31137701976113	0.31137701976113
0	0	0
0	0	0
0	0	0
-0.363473844574764	-0.363473844574764	-0.363473844574764
0	0	0
0	0	0
0	0	0
0	0.180128845508443	0.217481499584392
0	0	0
0	0	0
0	0	0
0	0	0
0	0	0
0	0	0
0	0	0
0	0	0
0	0	0
-0.299744530790485	-0.299744530790485	-0.299744530790485
0	0	0
0	0	0
0.216695466008969	0.216695466008969	0.216695466008969
0	0	0
0	0	0
0	0	0
0	0	0
0	0	0
0	0	0
0	0	0
0	0	0
0	0	0
0	0	0
0	0	0
0	0	0
0.123341356217861	0.123341356217861	0.123341356217861
0	0	0
0	0	0
0	0	0
0	0	0
0	0	0
0	0	0
0	0	0
-0.255641474365257	-0.427805406833068	-0.50137061716523
0	0	0
-0.335382062196732	-0.335382062196732	-0.335382062196732
0	0	0
0	0	0
0	0	0
0	0	0
0	0	0
0	0	0
0	0	0
0	0	0
0	0	0
0	0	0
0.389657148136757	0.389657148136757	0.389657148136757
0	0	0
0	0	0
0	0	0
0	0	0
0	0	0
-0.18701839807909	-0.18701839807909	-0.18701839807909
0	0	0
0	0	0
0	0	0
0	0	0
-0.252099476405419	-0.252099476405419	-0.252099476405419
0	0	0
0	0	0
0	0	0
0	0	0
0	0	0
0	0	0
0	0	0
0	0	0
0	0	0
0	0	0
-0.384912169724703	-0.384912169724703	-0.384912169724703
0	0	0
0	0	0
0	0	0
0	0	0
0	0	0
0	0	0
0	0	0
0	0	0
0	0	0
0	0	0
0	0	0
0	0	0
0	0	0
0	0	0
0	0	0
-0.155107230809517	-0.276473168755183	-0.349150858353823
0	0	0
0	0	0
0	0	0
0	0	0
0.183270723861642	0.183270723861642	0.183270723861642
0	0	0
0	0	0
0	0	0
0	0	0
0	0	0
0	0	0
0	0	0
0	0	0
0	0	0
0.159021927788854	0.274260809033876	0.341165651148185
0	0	0
0	0	0
0	0	0
0	0	0
0	0	0
0	0	0
0	0	0
0	0	0
0	0	0
0	0	0
0	0	0
0	0	0
-0.394089712621644	-0.394089712621644	-0.394089712621644
0	0	0
0	0	0
0	0	0
0	0	0
0	0	0
0	0	0
0	0	0
0	0	0
0	0	0
0	0	0
0	0	0
0	0	0
0	0	0
0	0	0
0.243097441759892	0.243097441759892	0.243097441759892
-0.350363475340419	-0.350363475340419	-0.350363475340419
0	0	0
0.178321350435726	0.178321350435726	0.178321350435726
-0.233872360200621	-0.233872360200621	-0.233872360200621
0	0	0
0	0	0
0	0	0
0	0	0
0.159379867743701	0.159379867743701	0.159379867743701
0	0	0
0	0	0
0	0	0
0	0	0
0	0	0
0	0	0
0	0	0
0	0	0
0	0	0
0	0	0
0	0	0
0	0	0
0	0	0
0	0	0
0	0	0
0	0	0
0	0	0
0	0	0
0	0	0
0	0	0
0	0	0
0.300555905723013	0.300555905723013	0.300555905723013
0	0	0
0	0	0
0	0	0
0	0	0
0	0	0
0	0	0
0	0	0
0	0	0
0	0	0
0	0	0
0	0	0
0	0	0
0	0	0
0	0	0
0	0	0
0	0	0
0	0	0
0	0	0
0	0	0
0.184195080003701	0.184195080003701	0.184195080003701
0	0	0
0	0	0
0	0	0
0	0	0
0	0	0
0	0	0
0.25110465940088	0.25110465940088	0.25110465940088
0	0	0
0	0	0
0	0	0
0	0	0
0	0	0
0	0	0
0	0	0
0	0	0
0	0	0
0	0	0
-0.288068454805762	-0.288068454805762	-0.288068454805762
0	0	0
0	0	0
0	0	0
0	0	0
0	0	0
0	0	0
0	0	0
0	0	0
0	0	0
0.314376149582677	0.314376149582677	0.314376149582677
0	0	0
0	0.125149907218292	0.185826936061494
0	0	0
0	0	0
-0.198852803115733	-0.198852803115733	-0.198852803115733
0	0	0
0	0	0
0	0	0
0	0	0
0	0	0
0	0	0
0	0	0
0	0	0
0	0	0
0.283992738043889	0.283992738043889	0.283992738043889
0	0	0
0	0	0
0	0	0
0	0	0
0	0	0
0	0	0
0.1728054611478	0.1728054611478	0.1728054611478
0	0	0
0	0	0
0	0	0
0	0	0
0.194449912174605	0.194449912174605	0.194449912174605
0	0	0
0	0	0
0	0	0
0	0	0
0	0	0
0	0	0
0	0	0
0	0	0
0	0	0
0	0	0
0	0	0
0	0	0
0	0	0
0	0	0
0.223711737757549	0.223711737757549	0.223711737757549
0	0	0
0	0	0
0	0	0
0	0	0
0	0	0
0	0	0
0	0	0
0	0	0
0	0	0
0	0	0
0	0	0
0	0	0
-0.280754414200783	-0.280754414200783	-0.280754414200783
0	0	0
0	0	0
0	0	0
0	0	0
0	0	0
0	0	0
0	0	0
0	0	0
0	0	0
0	0	0
0	0	0
0	0	0
0	0	0
0	0	0
0	0	0
0	0	0
0	0	0
0	0	0
0	0	0
0	0	0
0.214957464835607	0.214957464835607	0.214957464835607
0	0	0
0	0	0
0.147264642617665	0.147264642617665	0.147264642617665
0	0	0
0	0	0
0	0	0
0	0	0
0	0	0
0	0	0
0	0	0
0	0	0
0	0	0
0	0	0
0	0	0
0	0	0
0	0	0
0	0	0
0	0	0
0	0	0
0.203655740362592	0.203655740362592	0.203655740362592
0	0	0
0	0	0
0	0	0
0	0	0
0	0	0
0	0	0
0	0	0
0	0	0
0	0	0
0	0	0
0	0	0
0	0	0
0	0	0
0	0	0
0	0	0
0	0	0
0	0	0
0	0	0
0	0	0
0	0	0
0	0	0
0	0	0
0	0	0
0	0	0
0	0	0
0	0	0
0	0	0
0	0	0
0	0	0
0	0	0
0	0	0
0	0	0
0	0	0
0	0	0
0	0	0
0.206499136588536	0.206499136588536	0.206499136588536
0	0	0
0	0	0
0	0	0
0	0	0
0	0	0
0	0	0
0	0	0
0	0	0
0	0	0
0	0	0
0	0	0
0	0	0
0	0	0
0	0	0
0	0	0
0	0	0
0	0	0
-0.111458185198717	-0.111458185198717	-0.111458185198717
0	0	0
0	0	0
0	0	0
0	0	0
0	0	0
0	0	0
0	0	0
0	0	0
0	0	0
0	0	0
0	0	0
0	0	0
0	0	0
0	0	0
0	0	0
0	0	0
0	0	0
0	0	0
0	0	0
0	0	0
0	0	0
0	0	0
0.364640375901945	0.364640375901945	0.364640375901945
0	0	0
0	0	0
0	0	0
0	-0.161623996653361	-0.213509642076679
0	0	0
0	0	0
0	0	0
-0.214278614427894	-0.214278614427894	-0.214278614427894
0	0	0
0	0	0
0	0	0
0	0	0
0	0	0
0	0	0
0	0	0
0	0	0
0	0	0
0	0	0
0	0	0
0	0	0
0	0	0
0	0	0
0	0	0
0	0	0
0.376655837660655	0.526651183731156	0.551409969851375
0	0	0
0	0	0
0.229227277799509	0.229227277799509	0.229227277799509
0	0	0
0	0	0
0	0	0
0	0	0
0	0	0
0	0	0
0	0	0
0	0	0
0	0	0
0	0	0
-0.125624723406509	0.0457539189956151	0.0808966559823603
0	0	0
0	0	0
0	0	0
0	0	0
0	0	0
0.290607907716185	0.169541389530059	0.123143653897569
0	0	0
0	0	0
0	0	0
0	0	0
0	0	0
0	0	0
0	0	0
0	0	0
0	0	0
0	0	0
0	0	0
0	0	0
0	0	0
0	0	0
0	0	0
0	0	0
0	0	0
0	0	0
0	0	0
0	0	0
0	0	0
0	0	0
0	0	0
0	0	0
-0.155953838862479	-0.155953838862479	-0.155953838862479
0	0	0
0	0	0
0	0	0
0	0	0
0	0	0
0	0	0
-0.196709104836918	-0.196709104836918	-0.196709104836918
0	0	0
0	0	0
0	0	0
0	0	0
0	0	0
0	0	0
0	0	0
0	0	0
0	0	0
0	0	0
0	0	0
0	0	0
0	0	0
0	0	0
0	0	0
0	0	0
0	0	0
0	0	0
0	0	0
0	0	0
0	0	0
0	0	0
0	0	0
0	0	0
0	0	0
0	0	0
0	0	0
0	0	0
0	0	0
0	0	0
0	0	0
0	0	0
0	0	0
0	0	0
0	0	0
0.310214047809131	0.16696888221777	0.0970218712696806
0	0	0
0	0	0
0	0	0
0	0	0
0	0	0
0	0	0
0	0	0
0	0	0
0	0	0
0	0	0
0.282585936458781	0.282585936458781	0.282585936458781
0	0	0
0	0	0
0	0	0
0	0	0
0	0	0
0	0	0
0	0	0
0	0	0
0	0	0
0	0	0
0.358431529253721	0.358431529253721	0.358431529253721
0	0	0
0	0	0
0	0	0
0	0	0
0	0	0
0	0	0
0	0	0
0	0	0
0	0	0
0	0	0
0	0	0
0	0	0
0	0	0
0	0	0
0	0	0
0	0	0
0	0	0
0.137106195348315	0.137106195348315	0.137106195348315
0	0	0
0	0	0
0	0	0
0	0	0
0.278319124598056	0.278319124598056	0.278319124598056
0	0	0
0	0	0
0	0	0
-0.214984767977148	-0.214984767977148	-0.214984767977148
0	0	0
0.22698587027844	0.22698587027844	0.22698587027844
0	0	0
0	0	0
0	0	0
0.388380561303347	0.388380561303347	0.388380561303347
-0.108679852169007	-0.108679852169007	-0.108679852169007
0	0	0
0	0	0
0	0	0
0	0	0
0	0	0
0	0	0
0	0	0
0	0	0
0	0	0
-0.128704820736311	-0.128704820736311	-0.128704820736311
0	0	0
0	0	0
0	0	0
0	0	0
0	0	0
0	0	0
0	0	0
0	0	0
0	0	0
0.185734623414464	0.0490458196785767	0.016332276398316
0	0	0
0	0	0
0	0	0
0	0	0
0	0	0
0	0	0
0	0	0
0.18436251655221	0.18436251655221	0.18436251655221
0	0	0
0	0	0
0	0	0
0	0	0
0	0	0
0	0	0
0	0	0
0	0	0
0	0	0
0	0	0
0	0	0
0	0	0
0	0	0
-0.175125656044111	-0.175125656044111	-0.175125656044111
0	0	0
0	0	0
0.166059815138578	0.166059815138578	0.166059815138578
0	0	0
0	0	0
0	0	0
0	0	0
0	0	0
0	0	0
0	0	0
0	0	0
0	0	0
0	0	0
0	0	0
0	0	0
0	0	0
0	0	0
0	0	0
0	0	0
0	0	0
0	0	0
0	0	0
0	0	0
0	0	0
0.371125661488622	0.371125661488622	0.586457626940683
0	0	0
0	0	0
0.253407197888009	0.253407197888009	0.253407197888009
0	0	0
0	0	0
0	0	0
0	0	0
0	0	0
0	0	0
0	0	0
0	0	0
0	0	0
0	0	0
0	0	0
0	0	0
0	0	0
0	0	0
0	0	0
0	0	0
0	0	0
0	0	0
0	0	0
0	0	0
0	0	0
0	0	0
0	0	0
0	0	0
0	0	0
0	0	0
0	0	0
0	0	0
0	0	0
0	0	0
0	0	0
0	0	0
0	0	0
0	0	0
0	0	0
0	0	0
0	0	0
0	0	0
0	0	0
0	0	0
0	0	0
0	0	0
-0.307238304056227	-0.307238304056227	-0.307238304056227
0	0	0
0	0	0
0	0	0
0	0	0
0	0	0
0	0	0
0	0	0
-0.171986439544708	-0.171986439544708	-0.171986439544708
0	0	0
0	0	0
0.209531654324383	0.209531654324383	0.209531654324383
-0.352803595853038	-0.352803595853038	-0.352803595853038
-0.274021283071488	-0.274021283071488	-0.274021283071488
0	0	0
0	0	0
0	0	0
0	0	0
0	0	0
0	0	0
0	0	0
0	0	0
0	0	0
0	0	0
0	0	0
0	0	0
0	0	0
0	0	0
0	0	0
0	0	0
0	0	0
0.286721178214066	0.286721178214066	0.286721178214066
0	0	0
0.373889591335319	0.373889591335319	0.373889591335319
0	0	0
0	0	0
0	0	0
0	0	0
0	0	0
0.324689529906027	0.324689529906027	0.324689529906027
0	0	0
0	0	0
0	0	0
0	0	0
0	0	0
0	0	0
0	0	0
0	0	0
0.360458895936608	0.360458895936608	0.360458895936608
0	0	0
0	0	0
0	0	0
0	0	0
0	0	0
0	0	0
0	0	0
0	0	0
0	0	0
0	0	0
0	0	0
-0.320193269243464	-0.320193269243464	-0.320193269243464
0	0	0
0	0	0
0	0	0
0	0	0
0	0	0
0	0	0
0	0	0
0	0	0
0	0	0
0	0	0
0	0	0
0.348705706512556	0.348705706512556	0.348705706512556
0	0	0
0	0	0
0	0	0
0	0	0
0	0	0
0	0	0
0	0	0
0	0	0
0	0	0
0	0	0
0	0	0
0	0	0
0	0	0
0	0	0
0	0	0
0	0	0
0	0	0
0	0	0
0	0	0
0	0	0
0	0	0
0	0	0
0	0	0
0	0	0
0	0	0
0	0	0
0	0	0
0	0	0
0	0	0
0	0	0
0	0	0
-0.210043761297129	-0.210043761297129	-0.210043761297129
0.103373626829125	0.103373626829125	0.103373626829125
0	0	0
0	0	0
0	0	0
0	0	0
0	0	0
0	0	0
0	0	0
0	0	0
0	0	0
0	0	0
0	0	0
0	0	0
0	0	0
0	0	0
0	0	0
0	0	0
0	0	0
0	0	0
0	0	0
-0.365895769163035	-0.365895769163035	-0.365895769163035
0	0	0
0.336281662527472	0.336281662527472	0.336281662527472
0.306505687721074	0.306505687721074	0.306505687721074
0	0	0
0	0	0
0	0	0
0	0	0
0	0	0
0	0	0
0	0	0
0	0	0
0	0	0
0	0	0
0	0	0
0	0	0
0.310333018796518	0.310333018796518	0.310333018796518
0	0	0
0	0	0
0	0	0
0.135424587479793	0.135424587479793	0.135424587479793
0	0	0
0	0	0
0	0	0
0	0	0
0	0	0
0	0	0
0	0	0
0	0	0
0	0	0
0	0	0
0	0	0
0	0	0
0	0	0
0	0	0
0	0	0
0	0	0
0	0	0
0	0	0
0	0	0
0	0	0
0	0	0
0	0	0
0	0	0
0	0	0
0	0	0
-0.296117927297018	-0.296117927297018	-0.296117927297018
0	0	0
0	0	0
0	0	0
0	0	0
0	0	0
0	0	0
0	0	0
0	0	0
0	0	0
-0.216175091546029	-0.216175091546029	-0.389435250055976
0	0	0
0	0	0
0	0	0
0	0	0
-0.38850968144834	-0.38850968144834	-0.38850968144834
0	0	0
0	0	0
0	0	0
0	0	0
0	0	0
0	0	0
-0.110596198379062	-0.110596198379062	-0.110596198379062
0	0	0
0	0	0
0	0	0
0.130208797357045	0.29695490913582	0.354935091850348
0.363012936641462	0.363012936641462	0.363012936641462
0	0	0
0	0	0
0	0	0
0	0	0
0	0	0
0	0	0
0	0	0
0	0	0
0	0	0
0	0	0
0	0	0
0	0	0
0	0	0
0	0	0
0	0	0
0	0	0
0	0	0
0	0	0
0	0	0
0	0	0
0	0	0
0	0	0
0	0	0
0	0	0
-0.293276012083516	-0.293276012083516	-0.293276012083516
0	0	0
0	0	0
0	0	0
0	0	0
0	0	0
0	0	0
0	0	0
0	0	0
0	0	0
0	0	0
0	0	0
0	0	0
0	0	0
0	0	0
0	0	0
0	0	0
0	0	0
0	0	0
0	0.151817505917279	0.163766995118931
0	0	0
0	0	0
0	0	0
0	0	0
0	0	0
0	0	0
0	0	0
0.388572584069334	0.388572584069334	0.388572584069334
0	0	0
0	0	0
0	0	0
0	0	0
0.15208291769959	0.15208291769959	0.15208291769959
0	0	0
-0.213242242392153	-0.213242242392153	-0.213242242392153
0	0	0
0	0	0
0	0	0
0	0	0
0	0	0
0	0	0
0	0	0
0	0	0
0	0	0
0	0	0
0	0	0
-0.236418229248375	-0.236418229248375	-0.236418229248375
0	0	0
0	0	0
0	0	0
0	0	0
0	0	0
0	0	0
0	0	0
0	0	0
0	0	0
0	0	0
0.231535341078416	0.231535341078416	0.231535341078416
0.250276942970231	0.412575033091707	0.479727203398943
0	0	0
0	0	0
0	0	0
0	0	0
0.214134053979069	0.214134053979069	0.214134053979069
0	0	0
0	0	0
0	0	0
0	0	0
0	0	0
0	0	0
0	0	0
0	0	0
0.307878155144863	0.307878155144863	0.307878155144863
0	0	0
0	0	0
0	0	0
0	0	0
0	0	0
0	0	0
0	0	0
0.203721428778954	0.203721428778954	0.203721428778954
0	0	0
0	0	0
0	0	0
0	0	0
0	0	0
0	0	0
0	0	0
-0.385802180459723	-0.385802180459723	-0.385802180459723
0	0	0
0.148957507032901	0.148957507032901	0.148957507032901
0	0	0
0	0	0
0	0	0
0	0	0
0	0	0
0	0	0
0	0	0
0	0	0
0	0	0
0	0	0
0	0	0
0	0	0
0	0	0
0	0	0
0	0	0
0	0	0
0	0	0
0	0	0
0	0	0
0	0	0
0.343117804592475	0.343117804592475	0.343117804592475
0	0	0
-0.199005659203976	-0.199005659203976	-0.199005659203976
-0.230712234834209	-0.230712234834209	-0.230712234834209
0	0	0
0	0	0
0	0	0
0	0	0
0	0	0
0	0	0
0	0	0
0	0	0
0	0	0
0.267546660872176	0.267546660872176	0.267546660872176
-0.111282120319083	-0.111282120319083	-0.111282120319083
0	0	0
0	0	0
0	0	0
0.246712227468379	0.116064823162742	0.0474787172861398
-0.31500786896795	-0.31500786896795	-0.31500786896795
0	0	0
0.295555394655094	0.295555394655094	0.295555394655094
0	0	0
0	0	0
0	0	0
0	0	0
0	0	0
0	0	0
0	0	0
0	0	0
0	0	0
0	0	0
0	0	0
0	0	0
0	0	0
0	0	0
0	0	0
0	0	0
0.398234692052938	0.398234692052938	0.398234692052938
0	0	0
0	0	0
0	0	0
0	0	0
0	0	0
0	0	0
0	0	0
0	0	0
0	0	0
0	0	0
0	0	0
0	0	0
0	0	0
0	0	0
0	0	0
0	0	0
0.160672892187722	0.160672892187722	0.160672892187722
0	0	0
0.313686452084221	0.313686452084221	0.313686452084221
0	0	0
0	0	0
0	0	0
0	0	0
0	0	0
0	0	0
0	0	0
0	0	0
0	0	0
0	0	0
0	0	0
0	0	0
0	0	0
0	0	0
0	0	0
0	0	0
0	0	0
0	0	0
0.175232648593374	0.175232648593374	0.175232648593374
0	0	0
-0.228164891619235	-0.228164891619235	-0.228164891619235
0	0	0
0	0	0
0	0	0
0	0	0
-0.10535179649014	-0.10535179649014	-0.10535179649014
0	0	0
0	0	0
0.107853118446656	0.107853118446656	0.107853118446656
0	0	0
0	0	0
0	0	0
0	0	0
0	0	0
0	0	0
0	0	0
0	0	0
0	0	0
0.399258104059845	0.399258104059845	0.399258104059845
0	0	0
0	0	0
0	0	0
0	0	0
0	0	0
0	0	0
0	0	0
0	0	0
0	0	0
0	0	0
0	0	0
0	0	0
0	0	0
0	0	0
0	0	0
0	0	0
0	0	0
0	0	0
0.212714179628529	0.212714179628529	0.212714179628529
0	0	0
0	0	0
0	0	0
0	0	0
0	0	0
0	0	0
0	0	0
0	0	0
0	0	0
0	0	0
0	0	0
0	0	0
0	0	0
-0.293079916550778	-0.293079916550778	-0.293079916550778
0	0	0
0	0	0
0	-0.176612472528359	-0.24442951141391
0	0	0
0	0	0
0	0	0
0	0	0
0.130278631532565	0.130278631532565	0.130278631532565
-0.298535293387249	-0.298535293387249	-0.298535293387249
0	0	0
0	0	0
-0.383143690484576	-0.383143690484576	-0.383143690484576
0	0	0
0.339437628514133	0.339437628514133	0.339437628514133
0	0	0
0	0	0
-0.142443112423643	-0.142443112423643	-0.142443112423643
0	0	0
0	0	0
0	0	0
0	0	0
0	0	0
0	0	0
0	0	0
0	0	0
0	0	0
0	0	0
0	0	0
0	0	0
0	0	0
0	0	0
0	0	0
0	0	0
0	0	0
0	0	0
0	0	0
0	0	0
0	0	0
0	0	0
0.385594853386283	0.385594853386283	0.385594853386283
0	0	0
-0.280193776148371	-0.280193776148371	-0.280193776148371
0	0	0
0	0	0
0	0	0
-0.23694066000171	-0.23694066000171	-0.23694066000171
0	0	0
0	0	0
0	0	0
0	0	0
0	0	0
-0.330366171034984	-0.330366171034984	-0.330366171034984
0	0	0
0	0	0
0	0	0
0	0	0
0	0	0
0	0	0
0	0	0
0	0	0
0.12531910315156	0.12531910315156	0.12531910315156
0	0	0
0.295627234550193	0.295627234550193	0.295627234550193
0	0	0
0	0	0
0	0	0
0	0	0
0	0	0
0	0	0
0.130047864466906	0.130047864466906	0.130047864466906
0	0	0
0	0	0
0	0	0
0	0	0
0	0	0
0	0	0
0	0	0
0	0	0
-0.245177226210944	-0.245177226210944	-0.245177226210944
0	0	0
0	0	0
0	0	0
0	0	0
0	0	0
0	0	0
0	0	0
0	0	0
0	0	0
0	0	0
0	0	0
0	0	0
0	0	0
0.26790885233786	0.26790885233786	0.26790885233786
0	0	0
0	0	0
-0.296978595922701	-0.296978595922701	-0.296978595922701
0	0	0
0	0	0
0	0	0
0	0	0
-0.295229960000142	-0.295229960000142	-0.295229960000142
0	0	0
0	0	0
0	0	0
0	0	0
0	0	0
0	0	0
0	0	0
0.193051065504551	0.193051065504551	0.193051065504551
0	0	0
0	0	0
0	0	0
0	0	0
0	0	0
0	0	0
0	0	0
0	0	0
0	0	0
0	0	0
0	0	0
0	0	0
0	0	0
0	0	0
0.265912121650763	0.265912121650763	0.265912121650763
0	0	0
0	0	0
0	0	0
0	0	0
0.251205999474041	0.251205999474041	0.251205999474041
0	0	0
0	0	0
0.153450494981371	0.153450494981371	0.153450494981371
0	0	0
-0.226890630624257	-0.0746154160238802	-0.0573513506911695
0	0	0
0	0	0
0	0	0
0	0	0
0	0	0
0	0	0
0	0	0
0	0	0
0	0	0
0	0	0
0	0	0
0	0	0
0	0	0
0.18557563086506	0.18557563086506	0.18557563086506
0	0	0
0.235457960562781	0.235457960562781	0.235457960562781
0	0	0
0	0	0
0.289794782572426	0.289794782572426	0.289794782572426
0	0	0
0	0	0
0	0	0
0	0	0
0	0	0
0	0	0
-0.15303012507502	-0.15303012507502	-0.15303012507502
0	0	0
0	0	0
0	0	0
0	0	0
0	0	0
0	0	0
0	0	0
0	0	0
0	0	0
0	0	0
0	0	0
0	0	0
0	0	0
0	0	0
0	0	0
0	0	0
0	0	0
0	0	0
-0.225066086091101	-0.225066086091101	-0.225066086091101
0	0	0
0	0	0
0	0	0
0	0	0
0	0	0
0	0	0
0	0	0
0	0	0
0	0	0
0	0	0
0	0.171325083455304	0.244323234981857
0	0	0
0	0	0
0	0	0
0.381591746467166	0.381591746467166	0.381591746467166
0	0	0
0	0	0
0	0.146391251147725	0.2122518629767
0	0	0
0	0	0
0	0	0
0.159687480446883	0.159687480446883	0.159687480446883
0	0	0
0.131740144174546	0.131740144174546	0.131740144174546
0	0	0
-0.311096726404503	-0.311096726404503	-0.311096726404503
0	0	0
0	0	0
0	0	0
0	0	0
0	0	0
0	0	0
0	0	0
0	0	0
0	0	0
0	0	0
0	0	0
0	0.133826464880258	0.191477617365308
0	0	0
0	0	0
0	0	0
0	0	0
0	0	0
0	0	0
0	0	0
0	0	0
0	0	0
0	0	0
0	0	0
0	0	0
0	0	0
0.295377010083757	0.295377010083757	0.295377010083757
0	0	0
0	0	0
0.249539711908437	0.249539711908437	0.249539711908437
0	0	0
0	0	0
0.162231071083806	0.162231071083806	0.162231071083806
0	0	0
0	0	0
0	0	0
0	0	0
0	0	0
-0.114188139420003	-0.114188139420003	0.0752893537981436
0	0	0
0	0	0
0.127496042312123	0.127496042312123	0.127496042312123
0	0	0
0	0	0
0	0	0
0	0	0
0	0	0
0.344223520392552	0.344223520392552	0.344223520392552
0	0	0
0	0	0
0	0	0
0	0	0
0	0	0
0	0	0
0	0	0
0	0	0
0	0	0
0	0	0
0	0	0
0	0	0
0	0	0
0	0	0
0	0	0
0	0	0
0	0	0
0	0	0
0	0	0
0	0	0
0	0	0
0	0	0
0	0	0
-0.335144852520898	-0.335144852520898	-0.335144852520898
0	0	0
-0.153246837225743	-0.153246837225743	-0.153246837225743
0	0	0
0	0	0
0.199116921704263	0.199116921704263	0.199116921704263
-0.22521730826702	-0.22521730826702	-0.22521730826702
0	0	0
0	0	0
0	0	0
0	0	0
0	0	0
0	0	0
0	0	0
0	0	0
0	0	0
-0.103234595572576	-0.103234595572576	-0.103234595572576
0	0	0
0	0	0
0	0	0
0	0	0
0	0	0
0	0	0
0	0	0
-0.353960296465084	-0.353960296465084	-0.353960296465084
0	0	0
0	0	0
0	0	0
0	0	0
0.395757050369866	0.395757050369866	0.395757050369866
0.114334816578776	0.114334816578776	0.114334816578776
0	0	0
0	0	0
0	0	0
0	0	0
0	0	0
0	0	0
0	0	0
0	0	0
0	0	0
0	0	0
0	0	0
0	0	0
0	0	0
0	0	0
0	0	0
0	0	0
0	0	0
0	0	0
0	0	0
0	0	0
0	0	-0.23542511605192
0	0	0
0	0	0
0	0	0
0	0	0
0	0	0
0	0	0
0	0	0
0	0	0
0	0	0
0	0	0
0	0	0
0	0	0
0	0	0
0	0	0
0	0	0
0	0	0
0	0	0
0	0	0
0	0	0
0	0	0
0	0	0
0	0	0
0	0	0
0	0	0
0	0	0
0	0	0
0.230944091058336	0.230944091058336	0.230944091058336
0	0	0
0	0	0
0	0	0
0	0	0
0	0	0
0	0	0
0	0	0
0	0	0
-0.119670856767334	-0.119670856767334	-0.119670856767334
0	0	0
0	0	0
0	0	0
0	0	0
0	0	0
0	0	0
0	0	0
0	0	0
0.189830940309912	0.189830940309912	0.189830940309912
0	0	0
0	0	0
0	0	0
0	0	0
0	0	0
0	0	0
0.341878993110731	0.341878993110731	0.341878993110731
0	0	0
0	0	0
0	0	0
0	0	0
0	0	0
0	0	0
0	0	0
0	0	0
0.337058314308524	0.337058314308524	0.337058314308524
0	0	0
0	0	0
0	0	0
0	0	0
-0.157455134950578	-0.157455134950578	-0.157455134950578
0	0	0
0	0	0
0	0	0
0	0	0
0	0	0
0	0	0
0	0	0
0.288833566801623	0.288833566801623	0.288833566801623
0	0	0
0	0	0
0	0	0
0	0	0
0	0	0
0	0	0
0	0	0
0	0	0
-0.135851086303592	-0.135851086303592	-0.135851086303592
0	0	0
0	0	0
0	0	0
0	0	0.235495526110753
0	0	0
0	0	0
0	0	0
0	0	0
0	0	0
0	0	0
0	0	0
0	0	0
0	0	0
0	0	0
-0.368426127708517	-0.220551774057094	-0.149454280384816
0	0	0
0	0	0
0	0	0
0	-0.152189570461633	-0.239804469235241
0	0	0
0	0	0
0	0	0
0	0	0
0	0	0
0	0	0
0	0	0
0.384363887505606	0.384363887505606	0.384363887505606
0	0	0
0	0	0
0	0	0
0	0	0
0	0	0
0	0	0
0	0	0
-0.378677628631704	-0.378677628631704	-0.378677628631704
0	0	0
0	0	0
0	0	0
0	0	0
0	0	0
0	0	0
0	0	0
0	0	0
0	0	0
0	0	0
0	0	0
0	0	0
0	0	0
0.165804592613131	0.165804592613131	0.165804592613131
0	0	0
0	0	0
0	0	0
0	0	0
0	0	0
0	0	0
-0.287392881233245	-0.287392881233245	-0.287392881233245
0	0	0
0	0	0
0	0	0
0	0	0
0	0	0
0	0	0
0	0	0
0	0	0
0	0	0
0	0	0
0	0	0
0	0	0
0.14045794736594	0.14045794736594	0.14045794736594
0	0	0
0	0	0
0	0	0
0	0	0
0	0	0
0	0	0
0	0	0
0	0	0
0	0	0
0	0	0
0	0	0
0	0	0
0	0	0
0	0	0
0	0	0
0	0	0
0	0	0
0	0	0
-0.111518529593013	-0.111518529593013	-0.111518529593013
0	0	0
0	0	0
-0.290785616007634	-0.290785616007634	-0.290785616007634
0	0	0
0	0	0
0	0	0
0	0	0
0	0	0
0	0	0
0	0	0
0	0	0
0	0	0
0	0	0
0	0	0
0	0	0
0	0	0
0.12425424347166	0.12425424347166	0.12425424347166
0.291746109607629	0.291746109607629	0.291746109607629
0	0	0
0	0	0
0	0	0
0	0	0
0	0	0
0	0	0
0	0	0
0	0	0
0	0	0
0	0	0
0	0	0
0	0	0
0	0	0
0	0	0
0.287407432147302	0.287407432147302	0.287407432147302
0	0	0
0	0	0
0	0	0
-0.334816182171926	-0.334816182171926	-0.334816182171926
0	0	0
0	0	0
0	0	0
0	0	0
0	0.160313094133744	0.234278058982454
0	0	0
-0.251336214225739	-0.251336214225739	-0.251336214225739
0	0	0
0	0	0
0	0	0
0.260142384190112	0.260142384190112	0.260142384190112
0	0	0
0	0	0
0	0	0
0	0	0
-0.329418750689365	-0.329418750689365	-0.329418750689365
0	0	0
0	0	0
0	0	0
0	0	0
0	0	0
0	0	0
0	0	0.189252433739603
0	0	0
0	0	0
0	0	0
0	0	0
0	0	0
0.155232088686898	0.155232088686898	0.155232088686898
0.141479830094613	0.141479830094613	0.141479830094613
0	0	0
0	0	0
0	0	0
0	0	0
0	0	0
0	0	0
0	0	0
0	0	0
0	0	0
0	0	0
0	0	0
0	0	0
0	0	0
0	0	0
0	0	0
0	0	0
0	0	0
0	0	0
0	0	0
0	0	0
0	0	0
0	0	0
0	0	0
0	0	0
0	0	0
0	0	0
0	0	0
0	0	0
0.312910135090351	0.312910135090351	0.312910135090351
0	0	0
0	0	0
0	0	0.244609481142834
0	0	0
0	0	0
0	0	0
0	0	0
0	0	0
0.206870665075257	0.206870665075257	0.206870665075257
0	0	0
0	0	0
-0.333426796155982	-0.333426796155982	-0.333426796155982
-0.180619938881136	-0.180619938881136	-0.180619938881136
0	0	0
0	0	0
0	0	0
0	0	0
0	0	0
0	0	0
0	0	0
0	0	0
0	0	0
0	0	0
0	0	0
0.224775958596729	0.224775958596729	0.00525931671727453
0	0	0
0	0	0
0	0	0
0	0	0
0	0	0
0	0	0
0	0	0
-0.318682148796506	-0.318682148796506	-0.318682148796506
0	0	0
0	0	0
0	0	0
0	0	0
0	0	0
0	0	0
0	0	0
0	0	0
0	0	0
0	0	0
0	0	0
0	0	0
0.258170746825635	0.258170746825635	0.258170746825635
0	0	0
0	0	0
0	0	0
0	0	0
0	0.124937629688066	0.150150376115926
0	0	0
0	0	0
0	0	0
